Hagger18 <-
list(data = list(`1` = structure(c(1, 0.34000000000000002, NA, 
0.38, 0.28999999999999998, NA, 0.059999999999999998, 0.34999999999999998, 
NA, 0.34000000000000002, 1, NA, 0.29999999999999999, 0.26000000000000001, 
NA, 0.17000000000000001, 0.27000000000000002, NA, NA, NA, 1, 
NA, NA, NA, NA, NA, NA, 0.38, 0.29999999999999999, NA, 1, 0.29999999999999999, 
NA, 0.059999999999999998, 0.17999999999999999, NA, 0.28999999999999998, 
0.26000000000000001, NA, 0.29999999999999999, 1, NA, 0.10000000000000001, 
0.35999999999999999, NA, NA, NA, NA, NA, NA, 1, NA, NA, NA, 0.059999999999999998, 
0.17000000000000001, NA, 0.059999999999999998, 0.10000000000000001, 
NA, 1, 0.20999999999999999, NA, 0.34999999999999998, 0.27000000000000002, 
NA, 0.17999999999999999, 0.35999999999999999, NA, 0.20999999999999999, 
1, NA, NA, NA, NA, NA, NA, NA, NA, NA, 1), .Dim = c(9L, 9L), .Dimnames = list(
    c("Int", "EA", "IA", "IN", "DN", "Aut", "Cap", "Beh", "PB"
    ), c("Int", "EA", "IA", "IN", "DN", "Aut", "Cap", "Beh", 
    "PB"))), `2` = structure(c(1, NA, NA, 0.42999999999999999, 
NA, 0.080000000000000002, 0.58999999999999997, 0.40999999999999998, 
NA, NA, 1, NA, NA, NA, NA, NA, NA, NA, NA, NA, 1, NA, NA, NA, 
NA, NA, NA, 0.42999999999999999, NA, NA, 1, NA, -0.13, 0.11, 
0.20999999999999999, NA, NA, NA, NA, NA, 1, NA, NA, NA, NA, 0.080000000000000002, 
NA, NA, -0.13, NA, 1, 0.41999999999999998, -0.14000000000000001, 
NA, 0.58999999999999997, NA, NA, 0.11, NA, 0.41999999999999998, 
1, 0.31, NA, 0.40999999999999998, NA, NA, 0.20999999999999999, 
NA, -0.14000000000000001, 0.31, 1, NA, NA, NA, NA, NA, NA, NA, 
NA, NA, 1), .Dim = c(9L, 9L), .Dimnames = list(c("Int", "EA", 
"IA", "IN", "DN", "Aut", "Cap", "Beh", "PB"), c("Int", "EA", 
"IA", "IN", "DN", "Aut", "Cap", "Beh", "PB"))), `3` = structure(c(1, 
NA, 0.65600000000000003, 0.498, NA, 0.27300000000000002, 0.70199999999999996, 
0.65000000000000002, 0.65000000000000002, NA, 1, NA, NA, NA, 
NA, NA, NA, NA, 0.65600000000000003, NA, 1, 0.56100000000000005, 
NA, 0.38900000000000001, 0.58899999999999997, 0.65000000000000002, 
0.498, 0.498, NA, 0.56100000000000005, 1, NA, 0.186, 0.36799999999999999, 
0.36799999999999999, 0.36799999999999999, NA, NA, NA, NA, 1, 
NA, NA, NA, NA, 0.27300000000000002, NA, 0.38900000000000001, 
0.186, NA, 1, 0.38, 0.26400000000000001, 0.26400000000000001, 
0.70199999999999996, NA, 0.58899999999999997, 0.36799999999999999, 
NA, 0.38, 1, 0.59099999999999997, 0.59099999999999997, 0.65000000000000002, 
NA, 0.65000000000000002, 0.36799999999999999, NA, 0.26400000000000001, 
0.59099999999999997, 1, 0.70899999999999996, 0.65000000000000002, 
NA, 0.498, 0.36799999999999999, NA, 0.26400000000000001, 0.59099999999999997, 
0.70899999999999996, 1), .Dim = c(9L, 9L), .Dimnames = list(c("Int", 
"EA", "IA", "IN", "DN", "Aut", "Cap", "Beh", "PB"), c("Int", 
"EA", "IA", "IN", "DN", "Aut", "Cap", "Beh", "PB"))), `4` = structure(c(1, 
0.45000000000000001, 0.45000000000000001, 0.34999999999999998, 
0.36799999999999999, 0.01, 0.20000000000000001, 0.26000000000000001, 
NA, 0.45000000000000001, 1, 0.78000000000000003, 0.40999999999999998, 
0.28599999999999998, 0.23000000000000001, 0.10000000000000001, 
0.20999999999999999, NA, 0.45000000000000001, 0.78000000000000003, 
1, 0.41999999999999998, 0.30499999999999999, 0.10000000000000001, 
0.23000000000000001, 0.20000000000000001, NA, 0.34999999999999998, 
0.40999999999999998, 0.41999999999999998, 1, 0.40000000000000002, 
-0.01, 0.22, 0.26000000000000001, NA, 0.36799999999999999, 0.28599999999999998, 
0.30499999999999999, 0.40000000000000002, 1, 0.029999999999999999, 
0.25, 0.14499999999999999, NA, 0.01, 0.23000000000000001, 0.10000000000000001, 
-0.01, 0.029999999999999999, 1, 0.42999999999999999, 0.050000000000000003, 
NA, 0.20000000000000001, 0.10000000000000001, 0.23000000000000001, 
0.22, 0.25, 0.42999999999999999, 1, 0.13, NA, 0.26000000000000001, 
0.20999999999999999, 0.20000000000000001, 0.26000000000000001, 
0.14499999999999999, 0.050000000000000003, 0.13, 1, NA, NA, NA, 
NA, NA, NA, NA, NA, NA, 1), .Dim = c(9L, 9L), .Dimnames = list(
    c("Int", "EA", "IA", "IN", "DN", "Aut", "Cap", "Beh", "PB"
    ), c("Int", "EA", "IA", "IN", "DN", "Aut", "Cap", "Beh", 
    "PB"))), `5` = structure(c(1, NA, 0.67000000000000004, 0.54000000000000004, 
0.080000000000000002, 0.13, 0.48999999999999999, 0.17000000000000001, 
NA, NA, 1, NA, NA, NA, NA, NA, NA, NA, 0.67000000000000004, NA, 
1, 0.70999999999999996, 0.23999999999999999, 0.28000000000000003, 
0.29999999999999999, 0.22, NA, 0.54000000000000004, NA, 0.70999999999999996, 
1, 0.34000000000000002, 0.14000000000000001, 0.23999999999999999, 
0.11, NA, 0.080000000000000002, NA, 0.23999999999999999, 0.34000000000000002, 
1, 0.14000000000000001, 0.23999999999999999, 0.029999999999999999, 
NA, 0.13, NA, 0.28000000000000003, 0.14000000000000001, 0.14000000000000001, 
1, 0.32000000000000001, 0.089999999999999997, NA, 0.48999999999999999, 
NA, 0.29999999999999999, 0.23999999999999999, 0.23999999999999999, 
0.32000000000000001, 1, 0.089999999999999997, NA, 0.17000000000000001, 
NA, 0.22, 0.11, 0.029999999999999999, 0.089999999999999997, 0.089999999999999997, 
1, NA, NA, NA, NA, NA, NA, NA, NA, NA, 1), .Dim = c(9L, 9L), .Dimnames = list(
    c("Int", "EA", "IA", "IN", "DN", "Aut", "Cap", "Beh", "PB"
    ), c("Int", "EA", "IA", "IN", "DN", "Aut", "Cap", "Beh", 
    "PB"))), `6` = structure(c(1, 0.44, 0.19, 0.31, NA, NA, 0.68999999999999995, 
0.23000000000000001, NA, 0.44, 1, 0.39000000000000001, 0.45000000000000001, 
NA, NA, 0.46999999999999997, 0.12, NA, 0.19, 0.39000000000000001, 
1, 0.5, NA, NA, 0.20999999999999999, 0.089999999999999997, NA, 
0.31, 0.45000000000000001, 0.5, 1, NA, NA, 0.38, 0.070000000000000007, 
NA, NA, NA, NA, NA, 1, NA, NA, NA, NA, NA, NA, NA, NA, NA, 1, 
NA, NA, NA, 0.68999999999999995, 0.46999999999999997, 0.20999999999999999, 
0.38, NA, NA, 1, 0.23000000000000001, NA, 0.23000000000000001, 
0.12, 0.089999999999999997, 0.070000000000000007, NA, NA, 0.23000000000000001, 
1, NA, NA, NA, NA, NA, NA, NA, NA, NA, 1), .Dim = c(9L, 9L), .Dimnames = list(
    c("Int", "EA", "IA", "IN", "DN", "Aut", "Cap", "Beh", "PB"
    ), c("Int", "EA", "IA", "IN", "DN", "Aut", "Cap", "Beh", 
    "PB"))), `7` = structure(c(1, 0.47999999999999998, 0.29999999999999999, 
0.33000000000000002, NA, NA, 0.68999999999999995, 0.40999999999999998, 
NA, 0.47999999999999998, 1, 0.25, 0.25, NA, NA, 0.46999999999999997, 
0.28000000000000003, NA, 0.29999999999999999, 0.25, 1, 0.41999999999999998, 
NA, NA, 0.28000000000000003, 0.089999999999999997, NA, 0.33000000000000002, 
0.25, 0.41999999999999998, 1, NA, NA, 0.29999999999999999, 0.16, 
NA, NA, NA, NA, NA, 1, NA, NA, NA, NA, NA, NA, NA, NA, NA, 1, 
NA, NA, NA, 0.68999999999999995, 0.46999999999999997, 0.28000000000000003, 
0.29999999999999999, NA, NA, 1, 0.34999999999999998, NA, 0.40999999999999998, 
0.28000000000000003, 0.089999999999999997, 0.16, NA, NA, 0.34999999999999998, 
1, NA, NA, NA, NA, NA, NA, NA, NA, NA, 1), .Dim = c(9L, 9L), .Dimnames = list(
    c("Int", "EA", "IA", "IN", "DN", "Aut", "Cap", "Beh", "PB"
    ), c("Int", "EA", "IA", "IN", "DN", "Aut", "Cap", "Beh", 
    "PB"))), `8` = structure(c(1, 0.47999999999999998, 0.23999999999999999, 
0.14000000000000001, NA, NA, NA, 0.46999999999999997, NA, 0.47999999999999998, 
1, 0.28999999999999998, 0.17999999999999999, NA, NA, NA, 0.20999999999999999, 
NA, 0.23999999999999999, 0.28999999999999998, 1, 0.37, NA, NA, 
NA, 0.17000000000000001, NA, 0.14000000000000001, 0.17999999999999999, 
0.37, 1, NA, NA, NA, 0.02, NA, NA, NA, NA, NA, 1, NA, NA, NA, 
NA, NA, NA, NA, NA, NA, 1, NA, NA, NA, NA, NA, NA, NA, NA, NA, 
1, NA, NA, 0.46999999999999997, 0.20999999999999999, 0.17000000000000001, 
0.02, NA, NA, NA, 1, NA, NA, NA, NA, NA, NA, NA, NA, NA, 1), .Dim = c(9L, 
9L),