Hagger18 <-
list(data = list(`1` = structure(c(1, 0.34000000000000002, NA, 
0.38, 0.28999999999999998, NA, 0.059999999999999998, 0.34999999999999998, 
NA, 0.34000000000000002, 1, NA, 0.29999999999999999, 0.26000000000000001, 
NA, 0.17000000000000001, 0.27000000000000002, NA, NA, NA, 1, 
NA, NA, NA, NA, NA, NA, 0.38, 0.29999999999999999, NA, 1, 0.29999999999999999, 
NA, 0.059999999999999998, 0.17999999999999999, NA, 0.28999999999999998, 
0.26000000000000001, NA, 0.29999999999999999, 1, NA, 0.10000000000000001, 
0.35999999999999999, NA, NA, NA, NA, NA, NA, 1, NA, NA, NA, 0.059999999999999998, 
0.17000000000000001, NA, 0.059999999999999998, 0.10000000000000001, 
NA, 1, 0.20999999999999999, NA, 0.34999999999999998, 0.27000000000000002, 
NA, 0.17999999999999999, 0.35999999999999999, NA, 0.20999999999999999, 
1, NA, NA, NA, NA, NA, NA, NA, NA, NA, 1), .Dim = c(9L, 9L), .Dimnames = list(
    c("Int", "EA", "IA", "IN", "DN", "Aut", "Cap", "Beh", "PB"
    ), c("Int", "EA", "IA", "IN", "DN", "Aut", "Cap", "Beh", 
    "PB"))), `2` = structure(c(1, NA, NA, 0.42999999999999999, 
NA, 0.080000000000000002, 0.58999999999999997, 0.40999999999999998, 
NA, NA, 1, NA, NA, NA, NA, NA, NA, NA, NA, NA, 1, NA, NA, NA, 
NA, NA, NA, 0.42999999999999999, NA, NA, 1, NA, -0.13, 0.11, 
0.20999999999999999, NA, NA, NA, NA, NA, 1, NA, NA, NA, NA, 0.080000000000000002, 
NA, NA, -0.13, NA, 1, 0.41999999999999998, -0.14000000000000001, 
NA, 0.58999999999999997, NA, NA, 0.11, NA, 0.41999999999999998, 
1, 0.31, NA, 0.40999999999999998, NA, NA, 0.20999999999999999, 
NA, -0.14000000000000001, 0.31, 1, NA, NA, NA, NA, NA, NA, NA, 
NA, NA, 1), .Dim = c(9L, 9L), .Dimnames = list(c("Int", "EA", 
"IA", "IN", "DN", "Aut", "Cap", "Beh", "PB"), c("Int", "EA", 
"IA", "IN", "DN", "Aut", "Cap", "Beh", "PB"))), `3` = structure(c(1, 
NA, 0.65600000000000003, 0.498, NA, 0.27300000000000002, 0.70199999999999996, 
0.65000000000000002, 0.65000000000000002, NA, 1, NA, NA, NA, 
NA, NA, NA, NA, 0.65600000000000003, NA, 1, 0.56100000000000005, 
NA, 0.38900000000000001, 0.58899999999999997, 0.65000000000000002, 
0.498, 0.498, NA, 0.56100000000000005, 1, NA, 0.186, 0.36799999999999999, 
0.36799999999999999, 0.36799999999999999, NA, NA, NA, NA, 1, 
NA, NA, NA, NA, 0.27300000000000002, NA, 0.38900000000000001, 
0.186, NA, 1, 0.38, 0.26400000000000001, 0.26400000000000001, 
0.70199999999999996, NA, 0.58899999999999997, 0.36799999999999999, 
NA, 0.38, 1, 0.59099999999999997, 0.59099999999999997, 0.65000000000000002, 
NA, 0.65000000000000002, 0.36799999999999999, NA, 0.26400000000000001, 
0.59099999999999997, 1, 0.70899999999999996, 0.65000000000000002, 
NA, 0.498, 0.36799999999999999, NA, 0.26400000000000001, 0.59099999999999997, 
0.70899999999999996, 1), .Dim = c(9L, 9L), .Dimnames = list(c("Int", 
"EA", "IA", "IN", "DN", "Aut", "Cap", "Beh", "PB"), c("Int", 
"EA", "IA", "IN", "DN", "Aut", "Cap", "Beh", "PB"))), `4` = structure(c(1, 
0.45000000000000001, 0.45000000000000001, 0.34999999999999998, 
0.36799999999999999, 0.01, 0.20000000000000001, 0.26000000000000001, 
NA, 0.45000000000000001, 1, 0.78000000000000003, 0.40999999999999998, 
0.28599999999999998, 0.23000000000000001, 0.10000000000000001, 
0.20999999999999999, NA, 0.45000000000000001, 0.78000000000000003, 
1, 0.41999999999999998, 0.30499999999999999, 0.10000000000000001, 
0.23000000000000001, 0.20000000000000001, NA, 0.34999999999999998, 
0.40999999999999998, 0.41999999999999998, 1, 0.40000000000000002, 
-0.01, 0.22, 0.26000000000000001, NA, 0.36799999999999999, 0.28599999999999998, 
0.30499999999999999, 0.40000000000000002, 1, 0.029999999999999999, 
0.25, 0.14499999999999999, NA, 0.01, 0.23000000000000001, 0.10000000000000001, 
-0.01, 0.029999999999999999, 1, 0.42999999999999999, 0.050000000000000003, 
NA, 0.20000000000000001, 0.10000000000000001, 0.23000000000000001, 
0.22, 0.25, 0.42999999999999999, 1, 0.13, NA, 0.26000000000000001, 
0.20999999999999999, 0.20000000000000001, 0.26000000000000001, 
0.14499999999999999, 0.050000000000000003, 0.13, 1, NA, NA, NA, 
NA, NA, NA, NA, NA, NA, 1), .Dim = c(9L, 9L), .Dimnames = list(
    c("Int", "EA", "IA", "IN", "DN", "Aut", "Cap", "Beh", "PB"
    ), c("Int", "EA", "IA", "IN", "DN", "Aut", "Cap", "Beh", 
    "PB"))), `5` = structure(c(1, NA, 0.67000000000000004, 0.54000000000000004, 
0.080000000000000002, 0.13, 0.48999999999999999, 0.17000000000000001, 
NA, NA, 1, NA, NA, NA, NA, NA, NA, NA, 0.67000000000000004, NA, 
1, 0.70999999999999996, 0.23999999999999999, 0.28000000000000003, 
0.29999999999999999, 0.22, NA, 0.54000000000000004, NA, 0.70999999999999996, 
1, 0.34000000000000002, 0.14000000000000001, 0.23999999999999999, 
0.11, NA, 0.080000000000000002, NA, 0.23999999999999999, 0.34000000000000002, 
1, 0.14000000000000001, 0.23999999999999999, 0.029999999999999999, 
NA, 0.13, NA, 0.28000000000000003, 0.14000000000000001, 0.14000000000000001, 
1, 0.32000000000000001, 0.089999999999999997, NA, 0.48999999999999999, 
NA, 0.29999999999999999, 0.23999999999999999, 0.23999999999999999, 
0.32000000000000001, 1, 0.089999999999999997, NA, 0.17000000000000001, 
NA, 0.22, 0.11, 0.029999999999999999, 0.089999999999999997, 0.089999999999999997, 
1, NA, NA, NA, NA, NA, NA, NA, NA, NA, 1), .Dim = c(9L, 9L), .Dimnames = list(
    c("Int", "EA", "IA", "IN", "DN", "Aut", "Cap", "Beh", "PB"
    ), c("Int", "EA", "IA", "IN", "DN", "Aut", "Cap", "Beh", 
    "PB"))), `6` = structure(c(1, 0.44, 0.19, 0.31, NA, NA, 0.68999999999999995, 
0.23000000000000001, NA, 0.44, 1, 0.39000000000000001, 0.45000000000000001, 
NA, NA, 0.46999999999999997, 0.12, NA, 0.19, 0.39000000000000001, 
1, 0.5, NA, NA, 0.20999999999999999, 0.089999999999999997, NA, 
0.31, 0.45000000000000001, 0.5, 1, NA, NA, 0.38, 0.070000000000000007, 
NA, NA, NA, NA, NA, 1, NA, NA, NA, NA, NA, NA, NA, NA, NA, 1, 
NA, NA, NA, 0.68999999999999995, 0.46999999999999997, 0.20999999999999999, 
0.38, NA, NA, 1, 0.23000000000000001, NA, 0.23000000000000001, 
0.12, 0.089999999999999997, 0.070000000000000007, NA, NA, 0.23000000000000001, 
1, NA, NA, NA, NA, NA, NA, NA, NA, NA, 1), .Dim = c(9L, 9L), .Dimnames = list(
    c("Int", "EA", "IA", "IN", "DN", "Aut", "Cap", "Beh", "PB"
    ), c("Int", "EA", "IA", "IN", "DN", "Aut", "Cap", "Beh", 
    "PB"))), `7` = structure(c(1, 0.47999999999999998, 0.29999999999999999, 
0.33000000000000002, NA, NA, 0.68999999999999995, 0.40999999999999998, 
NA, 0.47999999999999998, 1, 0.25, 0.25, NA, NA, 0.46999999999999997, 
0.28000000000000003, NA, 0.29999999999999999, 0.25, 1, 0.41999999999999998, 
NA, NA, 0.28000000000000003, 0.089999999999999997, NA, 0.33000000000000002, 
0.25, 0.41999999999999998, 1, NA, NA, 0.29999999999999999, 0.16, 
NA, NA, NA, NA, NA, 1, NA, NA, NA, NA, NA, NA, NA, NA, NA, 1, 
NA, NA, NA, 0.68999999999999995, 0.46999999999999997, 0.28000000000000003, 
0.29999999999999999, NA, NA, 1, 0.34999999999999998, NA, 0.40999999999999998, 
0.28000000000000003, 0.089999999999999997, 0.16, NA, NA, 0.34999999999999998, 
1, NA, NA, NA, NA, NA, NA, NA, NA, NA, 1), .Dim = c(9L, 9L), .Dimnames = list(
    c("Int", "EA", "IA", "IN", "DN", "Aut", "Cap", "Beh", "PB"
    ), c("Int", "EA", "IA", "IN", "DN", "Aut", "Cap", "Beh", 
    "PB"))), `8` = structure(c(1, 0.47999999999999998, 0.23999999999999999, 
0.14000000000000001, NA, NA, NA, 0.46999999999999997, NA, 0.47999999999999998, 
1, 0.28999999999999998, 0.17999999999999999, NA, NA, NA, 0.20999999999999999, 
NA, 0.23999999999999999, 0.28999999999999998, 1, 0.37, NA, NA, 
NA, 0.17000000000000001, NA, 0.14000000000000001, 0.17999999999999999, 
0.37, 1, NA, NA, NA, 0.02, NA, NA, NA, NA, NA, 1, NA, NA, NA, 
NA, NA, NA, NA, NA, NA, 1, NA, NA, NA, NA, NA, NA, NA, NA, NA, 
1, NA, NA, 0.46999999999999997, 0.20999999999999999, 0.17000000000000001, 
0.02, NA, NA, NA, 1, NA, NA, NA, NA, NA, NA, NA, NA, NA, 1), .Dim = c(9L, 
9L), .Dimnames = list(c("Int", "EA", "IA", "IN", "DN", "Aut", 
"Cap", "Beh", "PB"), c("Int", "EA", "IA", "IN", "DN", "Aut", 
"Cap", "Beh", "PB"))), `9` = structure(c(1, 0.42999999999999999, 
0.20999999999999999, 0.28999999999999998, NA, NA, NA, 0.41999999999999998, 
NA, 0.42999999999999999, 1, 0.46000000000000002, 0.20000000000000001, 
NA, NA, NA, 0.10000000000000001, NA, 0.20999999999999999, 0.46000000000000002, 
1, 0.32000000000000001, NA, NA, NA, -0.02, NA, 0.28999999999999998, 
0.20000000000000001, 0.32000000000000001, 1, NA, NA, NA, 0.059999999999999998, 
NA, NA, NA, NA, NA, 1, NA, NA, NA, NA, NA, NA, NA, NA, NA, 1, 
NA, NA, NA, NA, NA, NA, NA, NA, NA, 1, NA, NA, 0.41999999999999998, 
0.10000000000000001, -0.02, 0.059999999999999998, NA, NA, NA, 
1, NA, NA, NA, NA, NA, NA, NA, NA, NA, 1), .Dim = c(9L, 9L), .Dimnames = list(
    c("Int", "EA", "IA", "IN", "DN", "Aut", "Cap", "Beh", "PB"
    ), c("Int", "EA", "IA", "IN", "DN", "Aut", "Cap", "Beh", 
    "PB"))), `10` = structure(c(1, 0.47999999999999998, 0.23999999999999999, 
0.27000000000000002, NA, NA, 0.66000000000000003, 0.25, NA, 0.47999999999999998, 
1, 0.65000000000000002, 0.48999999999999999, NA, NA, 0.48999999999999999, 
0.19, NA, 0.23999999999999999, 0.65000000000000002, 1, 0.47999999999999998, 
NA, NA, 0.27000000000000002, 0.11, NA, 0.27000000000000002, 0.48999999999999999, 
0.47999999999999998, 1, NA, NA, 0.35999999999999999, 0.17000000000000001, 
NA, NA, NA, NA, NA, 1, NA, NA, NA, NA, NA, NA, NA, NA, NA, 1, 
NA, NA, NA, 0.66000000000000003, 0.48999999999999999, 0.27000000000000002, 
0.35999999999999999, NA, NA, 1, 0.32000000000000001, NA, 0.25, 
0.19, 0.11, 0.17000000000000001, NA, NA, 0.32000000000000001, 
1, NA, NA, NA, NA, NA, NA, NA, NA, NA, 1), .Dim = c(9L, 9L), .Dimnames = list(
    c("Int", "EA", "IA", "IN", "DN", "Aut", "Cap", "Beh", "PB"
    ), c("Int", "EA", "IA", "IN", "DN", "Aut", "Cap", "Beh", 
    "PB"))), `11` = structure(c(1, 0.60999999999999999, 0.45000000000000001, 
0.26000000000000001, NA, NA, 0.68999999999999995, 0.46999999999999997, 
NA, 0.60999999999999999, 1, 0.46999999999999997, 0.20000000000000001, 
NA, NA, 0.47999999999999998, 0.32000000000000001, NA, 0.45000000000000001, 
0.46999999999999997, 1, 0.38, NA, NA, 0.20000000000000001, 0.14999999999999999, 
NA, 0.26000000000000001, 0.20000000000000001, 0.38, 1, NA, NA, 
0.16, 0.089999999999999997, NA, NA, NA, NA, NA, 1, NA, NA, NA, 
NA, NA, NA, NA, NA, NA, 1, NA, NA, NA, 0.68999999999999995, 0.47999999999999998, 
0.20000000000000001, 0.16, NA, NA, 1, 0.39000000000000001, NA, 
0.46999999999999997, 0.32000000000000001, 0.14999999999999999, 
0.089999999999999997, NA, NA, 0.39000000000000001, 1, NA, NA, 
NA, NA, NA, NA, NA, NA, NA, 1), .Dim = c(9L, 9L), .Dimnames = list(
    c("Int", "EA", "IA", "IN", "DN", "Aut", "Cap", "Beh", "PB"
    ), c("Int", "EA", "IA", "IN", "DN", "Aut", "Cap", "Beh", 
    "PB"))), `12` = structure(c(1, 0.52000000000000002, 0.16, 
0.14000000000000001, NA, NA, 0.64000000000000001, 0.53000000000000003, 
NA, 0.52000000000000002, 1, 0.33000000000000002, 0.11, NA, NA, 
0.5, 0.40000000000000002, NA, 0.16, 0.33000000000000002, 1, 0.27000000000000002, 
NA, NA, 0.20999999999999999, 0.22, NA, 0.14000000000000001, 0.11, 
0.27000000000000002, 1, NA, NA, 0.14000000000000001, 0.059999999999999998, 
NA, NA, NA, NA, NA, 1, NA, NA, NA, NA, NA, NA, NA, NA, NA, 1, 
NA, NA, NA, 0.64000000000000001, 0.5, 0.20999999999999999, 0.14000000000000001, 
NA, NA, 1, 0.44, NA, 0.53000000000000003, 0.40000000000000002, 
0.22, 0.059999999999999998, NA, NA, 0.44, 1, NA, NA, NA, NA, 
NA, NA, NA, NA, NA, 1), .Dim = c(9L, 9L), .Dimnames = list(c("Int", 
"EA", "IA", "IN", "DN", "Aut", "Cap", "Beh", "PB"), c("Int", 
"EA", "IA", "IN", "DN", "Aut", "Cap", "Beh", "PB"))), `13` = structure(c(1, 
0.55000000000000004, 0.27000000000000002, 0.28000000000000003, 
NA, NA, 0.57999999999999996, 0.53000000000000003, NA, 0.55000000000000004, 
1, 0.55000000000000004, 0.20999999999999999, NA, NA, 0.5, 0.34999999999999998, 
NA, 0.27000000000000002, 0.55000000000000004, 1, 0.27000000000000002, 
NA, NA, 0.27000000000000002, 0.20000000000000001, NA, 0.28000000000000003, 
0.20999999999999999, 0.27000000000000002, 1, NA, NA, 0.20999999999999999, 
0.17000000000000001, NA, NA, NA, NA, NA, 1, NA, NA, NA, NA, NA, 
NA, NA, NA, NA, 1, NA, NA, NA, 0.57999999999999996, 0.5, 0.27000000000000002, 
0.20999999999999999, NA, NA, 1, 0.38, NA, 0.53000000000000003, 
0.34999999999999998, 0.20000000000000001, 0.17000000000000001, 
NA, NA, 0.38, 1, NA, NA, NA, NA, NA, NA, NA, NA, NA, 1), .Dim = c(9L, 
9L), .Dimnames = list(c("Int", "EA", "IA", "IN", "DN", "Aut", 
"Cap", "Beh", "PB"), c("Int", "EA", "IA", "IN", "DN", "Aut", 
"Cap", "Beh", "PB"))), `14` = structure(c(1, 0.60999999999999999, 
0.40000000000000002, 0.29999999999999999, NA, NA, 0.51000000000000001, 
0.42999999999999999, NA, 0.60999999999999999, 1, 0.40999999999999998, 
0.31, NA, NA, 0.37, 0.32000000000000001, NA, 0.40000000000000002, 
0.40999999999999998, 1, 0.34000000000000002, NA, NA, 0.28000000000000003, 
0.17000000000000001, NA, 0.29999999999999999, 0.31, 0.34000000000000002, 
1, NA, NA, 0.10000000000000001, 0.13, NA, NA, NA, NA, NA, 1, 
NA, NA, NA, NA, NA, NA, NA, NA, NA, 1, NA, NA, NA, 0.51000000000000001, 
0.37, 0.28000000000000003, 0.10000000000000001, NA, NA, 1, 0.40000000000000002, 
NA, 0.42999999999999999, 0.32000000000000001, 0.17000000000000001, 
0.13, NA, NA, 0.40000000000000002, 1, NA, NA, NA, NA, NA, NA, 
NA, NA, NA, 1), .Dim = c(9L, 9L), .Dimnames = list(c("Int", "EA", 
"IA", "IN", "DN", "Aut", "Cap", "Beh", "PB"), c("Int", "EA", 
"IA", "IN", "DN", "Aut", "Cap", "Beh", "PB"))), `15` = structure(c(1, 
0.46999999999999997, 0.34000000000000002, 0.31, NA, NA, 0.44, 
0.14000000000000001, NA, 0.46999999999999997, 1, 0.37, 0.31, 
NA, NA, 0.41999999999999998, 0.059999999999999998, NA, 0.34000000000000002, 
0.37, 1, 0.32000000000000001, NA, NA, 0.23999999999999999, 0.01, 
NA, 0.31, 0.31, 0.32000000000000001, 1, NA, NA, 0.14000000000000001, 
0.10000000000000001, NA, NA, NA, NA, NA, 1, NA, NA, NA, NA, NA, 
NA, NA, NA, NA, 1, NA, NA, NA, 0.44, 0.41999999999999998, 0.23999999999999999, 
0.14000000000000001, NA, NA, 1, 0.14000000000000001, NA, 0.14000000000000001, 
0.059999999999999998, 0.01, 0.10000000000000001, NA, NA, 0.14000000000000001, 
1, NA, NA, NA, NA, NA, NA, NA, NA, NA, 1), .Dim = c(9L, 9L), .Dimnames = list(
    c("Int", "EA", "IA", "IN", "DN", "Aut", "Cap", "Beh", "PB"
    ), c("Int", "EA", "IA", "IN", "DN", "Aut", "Cap", "Beh", 
    "PB"))), `16` = structure(c(1, NA, 0.51500000000000001, 0.41499999999999998, 
NA, NA, 0.71499999999999997, 0.505, NA, NA, 1, NA, NA, NA, NA, 
NA, NA, NA, 0.51500000000000001, NA, 1, 0.32500000000000001, 
NA, NA, 0.52000000000000002, 0.29499999999999998, NA, 0.41499999999999998, 
NA, 0.32500000000000001, 1, NA, NA, 0.32500000000000001, 0.255, 
NA, NA, NA, NA, NA, 1, NA, NA, NA, NA, NA, NA, NA, NA, NA, 1, 
NA, NA, NA, 0.71499999999999997, NA, 0.52000000000000002, 0.32500000000000001, 
NA, NA, 1, 0.48999999999999999, NA, 0.505, NA, 0.29499999999999998, 
0.255, NA, NA, 0.48999999999999999, 1, NA, NA, NA, NA, NA, NA, 
NA, NA, NA, 1), .Dim = c(9L, 9L), .Dimnames = list(c("Int", "EA", 
"IA", "IN", "DN", "Aut", "Cap", "Beh", "PB"), c("Int", "EA", 
"IA", "IN", "DN", "Aut", "Cap", "Beh", "PB"))), `17` = structure(c(1, 
0.60999999999999999, NA, 0.27000000000000002, 0.20999999999999999, 
0.42999999999999999, NA, 0.45000000000000001, NA, 0.60999999999999999, 
1, NA, 0.23000000000000001, 0.16, 0.41999999999999998, NA, 0.35999999999999999, 
NA, NA, NA, 1, NA, NA, NA, NA, NA, NA, 0.27000000000000002, 0.23000000000000001, 
NA, 1, 0.17999999999999999, 0.32000000000000001, NA, 0.33000000000000002, 
NA, 0.20999999999999999, 0.16, NA, 0.17999999999999999, 1, 0.28999999999999998, 
NA, 0.44, NA, 0.42999999999999999, 0.41999999999999998, NA, 0.32000000000000001, 
0.28999999999999998, 1, NA, 0.5, NA, NA, NA, NA, NA, NA, NA, 
1, NA, NA, 0.45000000000000001, 0.35999999999999999, NA, 0.33000000000000002, 
0.44, 0.5, NA, 1, NA, NA, NA, NA, NA, NA, NA, NA, NA, 1), .Dim = c(9L, 
9L), .Dimnames = list(c("Int", "EA", "IA", "IN", "DN", "Aut", 
"Cap", "Beh", "PB"), c("Int", "EA", "IA", "IN", "DN", "Aut", 
"Cap", "Beh", "PB"))), `18` = structure(c(1, 0.34000000000000002, 
0.41999999999999998, 0.35699999999999998, NA, NA, 0.57599999999999996, 
0.34300000000000003, NA, 0.34000000000000002, 1, 0.53200000000000003, 
0.44500000000000001, NA, NA, 0.48799999999999999, 0.184, NA, 
0.41999999999999998, 0.53200000000000003, 1, 0.38300000000000001, 
NA, NA, 0.45900000000000002, 0.151, NA, 0.35699999999999998, 
0.44500000000000001, 0.38300000000000001, 1, NA, NA, 0.43099999999999999, 
0.14599999999999999, NA, NA, NA, NA, NA, 1, NA, NA, NA, NA, NA, 
NA, NA, NA, NA, 1, NA, NA, NA, 0.57599999999999996, 0.48799999999999999, 
0.45900000000000002, 0.43099999999999999, NA, NA, 1, 0.28699999999999998, 
NA, 0.34300000000000003, 0.184, 0.151, 0.14599999999999999, NA, 
NA, 0.28699999999999998, 1, NA, NA, NA, NA, NA, NA, NA, NA, NA, 
1), .Dim = c(9L, 9L), .Dimnames = list(c("Int", "EA", "IA", "IN", 
"DN", "Aut", "Cap", "Beh", "PB"), c("Int", "EA", "IA", "IN", 
"DN", "Aut", "Cap", "Beh", "PB"))), `19` = structure(c(1, NA, 
NA, 0.55000000000000004, 0.56000000000000005, NA, NA, 0.83999999999999997, 
0.93999999999999995, NA, 1, NA, NA, NA, NA, NA, NA, NA, NA, NA, 
1, NA, NA, NA, NA, NA, NA, 0.55000000000000004, NA, NA, 1, 0.41999999999999998, 
NA, NA, 0.45000000000000001, 0.56000000000000005, 0.56000000000000005, 
NA, NA, 0.41999999999999998, 1, NA, NA, 0.55000000000000004, 
0.58999999999999997, NA, NA, NA, NA, NA, 1, NA, NA, 0.67000000000000004, 
NA, NA, NA, NA, NA, NA, 1, NA, NA, 0.83999999999999997, NA, NA, 
0.45000000000000001, 0.55000000000000004, NA, NA, 1, 0.87, 0.93999999999999995, 
NA, NA, 0.56000000000000005, 0.58999999999999997, 0.67000000000000004, 
NA, 0.87, 1), .Dim = c(9L, 9L), .Dimnames = list(c("Int", "EA", 
"IA", "IN", "DN", "Aut", "Cap", "Beh", "PB"), c("Int", "EA", 
"IA", "IN", "DN", "Aut", "Cap", "Beh", "PB"))), `20` = structure(c(1, 
0.68000000000000005, 0.57099999999999995, 0.099000000000000005, 
0.014, 0.060999999999999999, 0.376, 0.53400000000000003, 0.54000000000000004, 
0.68000000000000005, 1, 0.66900000000000004, 0.10199999999999999, 
0.081000000000000003, 0.023, 0.44500000000000001, 0.41899999999999998, 
0.58699999999999997, 0.57099999999999995, 0.66900000000000004, 
1, 0.313, 0.26000000000000001, 0.16300000000000001, 0.17999999999999999, 
0.376, 0.501, 0.099000000000000005, 0.10199999999999999, 0.313, 
1, 0.39900000000000002, 0.42699999999999999, 0.223, 0.063, 0.058999999999999997, 
0.014, 0.081000000000000003, 0.26000000000000001, 0.39900000000000002, 
1, 0.34000000000000002, 0.094, 0.044999999999999998, -0.22900000000000001, 
0.060999999999999999, 0.023, 0.16300000000000001, 0.42699999999999999, 
0.34000000000000002, 1, 0.51300000000000001, -0.13800000000000001, 
-0.24399999999999999, 0.376, 0.44500000000000001, 0.17999999999999999, 
0.223, 0.094, 0.51300000000000001, 1, -0.249, 0.057000000000000002, 
0.53400000000000003, 0.41899999999999998, 0.376, 0.063, 0.044999999999999998, 
-0.13800000000000001, -0.249, 1, 0.76800000000000002, 0.54000000000000004, 
0.58699999999999997, 0.501, 0.058999999999999997, -0.22900000000000001, 
-0.24399999999999999, 0.057000000000000002, 0.76800000000000002, 
1), .Dim = c(9L, 9L), .Dimnames = list(c("Int", "EA", "IA", "IN", 
"DN", "Aut", "Cap", "Beh", "PB"), c("Int", "EA", "IA", "IN", 
"DN", "Aut", "Cap", "Beh", "PB"))), `21` = structure(c(1, 0.84999999999999998, 
0.56999999999999995, 0.084000000000000005, 0.35699999999999998, 
0.29499999999999998, 0.65100000000000002, -0.066000000000000003, 
0.56499999999999995, 0.84999999999999998, 1, 0.35799999999999998, 
0.086999999999999994, 0.371, 0.55700000000000005, 0.70399999999999996, 
0.126, 0.126, 0.56999999999999995, 0.35799999999999998, 1, 0.26700000000000002, 
0.32800000000000001, 0.40000000000000002, 0.317, 0.51600000000000001, 
0.71799999999999997, 0.084000000000000005, 0.086999999999999994, 
0.26700000000000002, 1, -0.067000000000000004, 0.51400000000000001, 
0.10100000000000001, 0.083000000000000004, 0.246, 0.35699999999999998, 
0.371, 0.32800000000000001, -0.067000000000000004, 1, 0.067000000000000004, 
0.49099999999999999, 0.253, 0.36299999999999999, 0.29499999999999998, 
0.55700000000000005, 0.40000000000000002, 0.51400000000000001, 
0.067000000000000004, 1, 0.27400000000000002, -0.34000000000000002, 
0.13200000000000001, 0.65100000000000002, 0.70399999999999996, 
0.317, 0.10100000000000001, 0.49099999999999999, 0.27400000000000002, 
1, -0.34000000000000002, 0.19700000000000001, -0.066000000000000003, 
0.126, 0.51600000000000001, 0.083000000000000004, 0.253, -0.34000000000000002, 
-0.34000000000000002, 1, 0.42199999999999999, 0.56499999999999995, 
0.126, 0.71799999999999997, 0.246, 0.36299999999999999, 0.13200000000000001, 
0.19700000000000001, 0.42199999999999999, 1), .Dim = c(9L, 9L
), .Dimnames = list(c("Int", "EA", "IA", "IN", "DN", "Aut", "Cap", 
"Beh", "PB"), c("Int", "EA", "IA", "IN", "DN", "Aut", "Cap", 
"Beh", "PB"))), `22` = structure(c(1, 0.51000000000000001, 0.42999999999999999, 
0.41999999999999998, 0.52000000000000002, 0.57999999999999996, 
NA, 0.55000000000000004, 0.32000000000000001, 0.51000000000000001, 
1, 0.26000000000000001, 0.17000000000000001, 0.33000000000000002, 
0.45000000000000001, NA, 0.26000000000000001, 0.22, 0.42999999999999999, 
0.26000000000000001, 1, 0.37, 0.28999999999999998, 0.31, NA, 
0.17000000000000001, -0.29999999999999999, 0.41999999999999998, 
0.17000000000000001, 0.37, 1, 0.66000000000000003, 0.27000000000000002, 
NA, 0.32000000000000001, 0.22, 0.52000000000000002, 0.33000000000000002, 
0.28999999999999998, 0.66000000000000003, 1, 0.44, NA, 0.41999999999999998, 
0.31, 0.57999999999999996, 0.45000000000000001, 0.31, 0.27000000000000002, 
0.44, 1, NA, 0.52000000000000002, 0.28000000000000003, NA, NA, 
NA, NA, NA, NA, 1, NA, NA, 0.55000000000000004, 0.26000000000000001, 
0.17000000000000001, 0.32000000000000001, 0.41999999999999998, 
0.52000000000000002, NA, 1, 0.54000000000000004, 0.32000000000000001, 
0.22, -0.29999999999999999, 0.22, 0.31, 0.28000000000000003, 
NA, 0.54000000000000004, 1), .Dim = c(9L, 9L), .Dimnames = list(
    c("Int", "EA", "IA", "IN", "DN", "Aut", "Cap", "Beh", "PB"
    ), c("Int", "EA", "IA", "IN", "DN", "Aut", "Cap", "Beh", 
    "PB"))), `23` = structure(c(1, 0.58999999999999997, -0.13500000000000001, 
0.14099999999999999, 0.16500000000000001, 0.14000000000000001, 
0.61399999999999999, 0.182, NA, 0.58999999999999997, 1, 0.16300000000000001, 
0.14399999999999999, 0.070999999999999994, 0.097000000000000003, 
0.64200000000000002, 0.081000000000000003, NA, -0.13500000000000001, 
0.16300000000000001, 1, -0.039, 0.045999999999999999, 0.114, 
-0.0089999999999999993, -0.025000000000000001, NA, 0.14099999999999999, 
0.14399999999999999, -0.039, 1, 0.52200000000000002, 0.034000000000000002, 
0.191, 0.034000000000000002, NA, 0.16500000000000001, 0.070999999999999994, 
0.045999999999999999, 0.52200000000000002, 1, -0.0070000000000000001, 
0.074999999999999997, 0.075999999999999998, NA, 0.14000000000000001, 
0.097000000000000003, 0.114, 0.034000000000000002, -0.0070000000000000001, 
1, 0.20100000000000001, 0.10000000000000001, NA, 0.61399999999999999, 
0.64200000000000002, -0.0089999999999999993, 0.191, 0.074999999999999997, 
0.20100000000000001, 1, 0.105, NA, 0.182, 0.081000000000000003, 
-0.025000000000000001, 0.034000000000000002, 0.075999999999999998, 
0.10000000000000001, 0.105, 1, NA, NA, NA, NA, NA, NA, NA, NA, 
NA, 1), .Dim = c(9L, 9L), .Dimnames = list(c("Int", "EA", "IA", 
"IN", "DN", "Aut", "Cap", "Beh", "PB"), c("Int", "EA", "IA", 
"IN", "DN", "Aut", "Cap", "Beh", "PB"))), `24` = structure(c(1, 
0.62, 0.39000000000000001, 0.28999999999999998, NA, NA, NA, 0.29999999999999999, 
NA, 0.62, 1, 0.58999999999999997, 0.23999999999999999, NA, NA, 
NA, 0.26000000000000001, NA, 0.39000000000000001, 0.58999999999999997, 
1, 0.34000000000000002, NA, NA, NA, 0.14000000000000001, NA, 
0.28999999999999998, 0.23999999999999999, 0.34000000000000002, 
1, NA, NA, NA, 0.12, NA, NA, NA, NA, NA, 1, NA, NA, NA, NA, NA, 
NA, NA, NA, NA, 1, NA, NA, NA, NA, NA, NA, NA, NA, NA, 1, NA, 
NA, 0.29999999999999999, 0.26000000000000001, 0.14000000000000001, 
0.12, NA, NA, NA, 1, NA, NA, NA, NA, NA, NA, NA, NA, NA, 1), .Dim = c(9L, 
9L), .Dimnames = list(c("Int", "EA", "IA", "IN", "DN", "Aut", 
"Cap", "Beh", "PB"), c("Int", "EA", "IA", "IN", "DN", "Aut", 
"Cap", "Beh", "PB"))), `25` = structure(c(1, 0.62, 0.23000000000000001, 
0.22, NA, NA, NA, 0.53000000000000003, 0.78000000000000003, 0.62, 
1, 0.46000000000000002, 0.17999999999999999, NA, NA, NA, 0.35999999999999999, 
0.65000000000000002, 0.23000000000000001, 0.46000000000000002, 
1, 0.19, NA, NA, NA, 0.14999999999999999, 0.22, 0.22, 0.17999999999999999, 
0.19, 1, NA, NA, NA, 0.059999999999999998, 0.19, NA, NA, NA, 
NA, 1, NA, NA, NA, NA, NA, NA, NA, NA, NA, 1, NA, NA, NA, NA, 
NA, NA, NA, NA, NA, 1, NA, NA, 0.53000000000000003, 0.35999999999999999, 
0.14999999999999999, 0.059999999999999998, NA, NA, NA, 1, 0.52000000000000002, 
0.78000000000000003, 0.65000000000000002, 0.22, 0.19, NA, NA, 
NA, 0.52000000000000002, 1), .Dim = c(9L, 9L), .Dimnames = list(
    c("Int", "EA", "IA", "IN", "DN", "Aut", "Cap", "Beh", "PB"
    ), c("Int", "EA", "IA", "IN", "DN", "Aut", "Cap", "Beh", 
    "PB"))), `26` = structure(c(1, 0.63, 0.23000000000000001, 
0.23999999999999999, NA, NA, NA, 0.53000000000000003, 0.54000000000000004, 
0.63, 1, 0.44, 0.17000000000000001, NA, NA, NA, 0.35999999999999999, 
0.34000000000000002, 0.23000000000000001, 0.44, 1, 0.20000000000000001, 
NA, NA, NA, 0.14999999999999999, 0.11, 0.23999999999999999, 0.17000000000000001, 
0.20000000000000001, 1, NA, NA, NA, 0.080000000000000002, 0.14000000000000001, 
NA, NA, NA, NA, 1, NA, NA, NA, NA, NA, NA, NA, NA, NA, 1, NA, 
NA, NA, NA, NA, NA, NA, NA, NA, 1, NA, NA, 0.53000000000000003, 
0.35999999999999999, 0.14999999999999999, 0.080000000000000002, 
NA, NA, NA, 1, 0.54000000000000004, 0.54000000000000004, 0.34000000000000002, 
0.11, 0.14000000000000001, NA, NA, NA, 0.54000000000000004, 1
), .Dim = c(9L, 9L), .Dimnames = list(c("Int", "EA", "IA", "IN", 
"DN", "Aut", "Cap", "Beh", "PB"), c("Int", "EA", "IA", "IN", 
"DN", "Aut", "Cap", "Beh", "PB"))), `27` = structure(c(1, NA, 
0.56999999999999995, 0.40000000000000002, 0.46999999999999997, 
NA, 0.64000000000000001, 0.72999999999999998, NA, NA, 1, NA, 
NA, NA, NA, NA, NA, NA, 0.56999999999999995, NA, 1, 0.45000000000000001, 
0.31, NA, 0.51000000000000001, 0.47999999999999998, NA, 0.40000000000000002, 
NA, 0.45000000000000001, 1, 0.28999999999999998, NA, 0.34999999999999998, 
0.37, NA, 0.46999999999999997, NA, 0.31, 0.28999999999999998, 
1, NA, 0.34999999999999998, 0.5, NA, NA, NA, NA, NA, NA, 1, NA, 
NA, NA, 0.64000000000000001, NA, 0.51000000000000001, 0.34999999999999998, 
0.34999999999999998, NA, 1, 0.58999999999999997, NA, 0.72999999999999998, 
NA, 0.47999999999999998, 0.37, 0.5, NA, 0.58999999999999997, 
1, NA, NA, NA, NA, NA, NA, NA, NA, NA, 1), .Dim = c(9L, 9L), .Dimnames = list(
    c("Int", "EA", "IA", "IN", "DN", "Aut", "Cap", "Beh", "PB"
    ), c("Int", "EA", "IA", "IN", "DN", "Aut", "Cap", "Beh", 
    "PB"))), `28` = structure(c(1, 0.85999999999999999, 0.68999999999999995, 
0.5, 0.47999999999999998, 0.14999999999999999, 0.75, 0.69999999999999996, 
NA, 0.85999999999999999, 1, 0.66000000000000003, 0.56999999999999995, 
0.56000000000000005, 0.10000000000000001, 0.76000000000000001, 
0.66000000000000003, NA, 0.68999999999999995, 0.66000000000000003, 
1, 0.57999999999999996, 0.47999999999999998, 0.11, 0.52000000000000002, 
0.46000000000000002, NA, 0.5, 0.56999999999999995, 0.57999999999999996, 
1, 0.65000000000000002, 0.12, 0.46999999999999997, 0.35999999999999999, 
NA, 0.47999999999999998, 0.56000000000000005, 0.47999999999999998, 
0.65000000000000002, 1, 0.080000000000000002, 0.44, 0.41999999999999998, 
NA, 0.14999999999999999, 0.10000000000000001, 0.11, 0.12, 0.080000000000000002, 
1, 0.01, 0.11, NA, 0.75, 0.76000000000000001, 0.52000000000000002, 
0.46999999999999997, 0.44, 0.01, 1, 0.57999999999999996, NA, 
0.69999999999999996, 0.66000000000000003, 0.46000000000000002, 
0.35999999999999999, 0.41999999999999998, 0.11, 0.57999999999999996, 
1, NA, NA, NA, NA, NA, NA, NA, NA, NA, 1), .Dim = c(9L, 9L), .Dimnames = list(
    c("Int", "EA", "IA", "IN", "DN", "Aut", "Cap", "Beh", "PB"
    ), c("Int", "EA", "IA", "IN", "DN", "Aut", "Cap", "Beh", 
    "PB"))), `29` = structure(c(1, 0.55000000000000004, 0.55000000000000004, 
0.40999999999999998, 0.42999999999999999, 0.28000000000000003, 
0.58999999999999997, 0.64000000000000001, 0.69999999999999996, 
0.55000000000000004, 1, 0.42999999999999999, 0.39000000000000001, 
0.31, 0.23999999999999999, 0.32000000000000001, 0.39000000000000001, 
0.46000000000000002, 0.55000000000000004, 0.42999999999999999, 
1, 0.47999999999999998, 0.31, 0.22, 0.45000000000000001, 0.42999999999999999, 
0.41999999999999998, 0.40999999999999998, 0.39000000000000001, 
0.47999999999999998, 1, 0.35999999999999999, 0.28000000000000003, 
0.40000000000000002, 0.34000000000000002, 0.34999999999999998, 
0.42999999999999999, 0.31, 0.31, 0.35999999999999999, 1, 0.22, 
0.37, 0.37, 0.42999999999999999, 0.28000000000000003, 0.23999999999999999, 
0.22, 0.28000000000000003, 0.22, 1, 0.41999999999999998, 0.28000000000000003, 
0.25, 0.58999999999999997, 0.32000000000000001, 0.45000000000000001, 
0.40000000000000002, 0.37, 0.41999999999999998, 1, 0.55000000000000004, 
0.51000000000000001, 0.64000000000000001, 0.39000000000000001, 
0.42999999999999999, 0.34000000000000002, 0.37, 0.28000000000000003, 
0.55000000000000004, 1, 0.63, 0.69999999999999996, 0.46000000000000002, 
0.41999999999999998, 0.34999999999999998, 0.42999999999999999, 
0.25, 0.51000000000000001, 0.63, 1), .Dim = c(9L, 9L), .Dimnames = list(
    c("Int", "EA", "IA", "IN", "DN", "Aut", "Cap", "Beh", "PB"
    ), c("Int", "EA", "IA", "IN", "DN", "Aut", "Cap", "Beh", 
    "PB"))), `30` = structure(c(1, 0.54000000000000004, 0.38100000000000001, 
0.41399999999999998, NA, NA, 0.48299999999999998, 0.58899999999999997, 
0.53900000000000003, 0.54000000000000004, 1, 0.625, 0.53000000000000003, 
NA, NA, 0.44900000000000001, 0.34499999999999997, 0.35199999999999998, 
0.38100000000000001, 0.625, 1, 0.64300000000000002, NA, NA, 0.47399999999999998, 
0.22500000000000001, 0.24199999999999999, 0.41399999999999998, 
0.53000000000000003, 0.64300000000000002, 1, NA, NA, 0.46999999999999997, 
0.22500000000000001, 0.27100000000000002, NA, NA, NA, NA, 1, 
NA, NA, NA, NA, NA, NA, NA, NA, NA, 1, NA, NA, NA, 0.48299999999999998, 
0.44900000000000001, 0.47399999999999998, 0.46999999999999997, 
NA, NA, 1, 0.29899999999999999, 0.31, 0.58899999999999997, 0.34499999999999997, 
0.22500000000000001, 0.22500000000000001, NA, NA, 0.29899999999999999, 
1, 0.65100000000000002, 0.53900000000000003, 0.35199999999999998, 
0.24199999999999999, 0.27100000000000002, NA, NA, 0.31, 0.65100000000000002, 
1), .Dim = c(9L, 9L), .Dimnames = list(c("Int", "EA", "IA", "IN", 
"DN", "Aut", "Cap", "Beh", "PB"), c("Int", "EA", "IA", "IN", 
"DN", "Aut", "Cap", "Beh", "PB"))), `31` = structure(c(1, NA, 
0.57199999999999995, 0.625, NA, 0.53300000000000003, 0.76000000000000001, 
0.309, NA, NA, 1, NA, NA, NA, NA, NA, NA, NA, 0.57199999999999995, 
NA, 1, 0.433, NA, 0.55400000000000005, 0.69299999999999995, 0.36899999999999999, 
NA, 0.625, NA, 0.433, 1, NA, 0.41299999999999998, 0.55700000000000005, 
0.36399999999999999, NA, NA, NA, NA, NA, 1, NA, NA, NA, NA, 0.53300000000000003, 
NA, 0.55400000000000005, 0.41299999999999998, NA, 1, 0.56599999999999995, 
0.33800000000000002, NA, 0.76000000000000001, NA, 0.69299999999999995, 
0.55700000000000005, NA, 0.56599999999999995, 1, 0.441, NA, 0.309, 
NA, 0.36899999999999999, 0.36399999999999999, NA, 0.33800000000000002, 
0.441, 1, NA, NA, NA, NA, NA, NA, NA, NA, NA, 1), .Dim = c(9L, 
9L), .Dimnames = list(c("Int", "EA", "IA", "IN", "DN", "Aut", 
"Cap", "Beh", "PB"), c("Int", "EA", "IA", "IN", "DN", "Aut", 
"Cap", "Beh", "PB"))), `32` = structure(c(1, 0.25, NA, 0.17999999999999999, 
NA, 0.37, 0.82999999999999996, NA, 0.40000000000000002, 0.25, 
1, NA, 0.20000000000000001, NA, 0.14000000000000001, 0.34000000000000002, 
NA, 0.23999999999999999, NA, NA, 1, NA, NA, NA, NA, NA, NA, 0.17999999999999999, 
0.20000000000000001, NA, 1, NA, 0.040000000000000001, -0.040000000000000001, 
NA, 0.11, NA, NA, NA, NA, 1, NA, NA, NA, NA, 0.37, 0.14000000000000001, 
NA, 0.040000000000000001, NA, 1, 0.29999999999999999, NA, 0.48999999999999999, 
0.82999999999999996, 0.34000000000000002, NA, -0.040000000000000001, 
NA, 0.29999999999999999, 1, NA, 0.059999999999999998, NA, NA, 
NA, NA, NA, NA, NA, 1, NA, 0.40000000000000002, 0.23999999999999999, 
NA, 0.11, NA, 0.48999999999999999, 0.059999999999999998, NA, 
1), .Dim = c(9L, 9L), .Dimnames = list(c("Int", "EA", "IA", "IN", 
"DN", "Aut", "Cap", "Beh", "PB"), c("Int", "EA", "IA", "IN", 
"DN", "Aut", "Cap", "Beh", "PB"))), `33` = structure(c(1, 0.60999999999999999, 
0.748, 0.46800000000000003, 0.379, 0.373, 0.38600000000000001, 
0.74199999999999999, 0.79800000000000004, 0.60999999999999999, 
1, 0.69999999999999996, 0.33400000000000002, 0.30499999999999999, 
0.223, 0.26400000000000001, 0.47599999999999998, 0.45400000000000001, 
0.748, 0.69999999999999996, 1, 0.437, 0.29799999999999999, 0.246, 
0.248, 0.60199999999999998, 0.64600000000000002, 0.46800000000000003, 
0.33400000000000002, 0.437, 1, 0.55400000000000005, 0.16300000000000001, 
0.129, 0.379, 0.40699999999999997, 0.379, 0.30499999999999999, 
0.29799999999999999, 0.55400000000000005, 1, 0.16900000000000001, 
0.16500000000000001, 0.313, 0.30499999999999999, 0.373, 0.223, 
0.246, 0.16300000000000001, 0.16900000000000001, 1, 0.69699999999999995, 
0.26600000000000001, 0.29699999999999999, 0.38600000000000001, 
0.26400000000000001, 0.248, 0.129, 0.16500000000000001, 0.69699999999999995, 
1, 0.27400000000000002, 0.28399999999999997, 0.74199999999999999, 
0.47599999999999998, 0.60199999999999998, 0.379, 0.313, 0.26600000000000001, 
0.27400000000000002, 1, 0.75600000000000001, 0.79800000000000004, 
0.45400000000000001, 0.64600000000000002, 0.40699999999999997, 
0.30499999999999999, 0.29699999999999999, 0.28399999999999997, 
0.75600000000000001, 1), .Dim = c(9L, 9L), .Dimnames = list(c("Int", 
"EA", "IA", "IN", "DN", "Aut", "Cap", "Beh", "PB"), c("Int", 
"EA", "IA", "IN", "DN", "Aut", "Cap", "Beh", "PB"))), `34` = structure(c(1, 
0.68000000000000005, 0.58499999999999996, 0.46700000000000003, 
0.39900000000000002, 0.65800000000000003, 0.74199999999999999, 
0.73199999999999998, 0.752, 0.68000000000000005, 1, 0.64800000000000002, 
0.40100000000000002, 0.33800000000000002, 0.50600000000000001, 
0.55400000000000005, 0.54200000000000004, 0.53800000000000003, 
0.58499999999999996, 0.64800000000000002, 1, 0.378, 0.186, 0.38100000000000001, 
0.45700000000000002, 0.42799999999999999, 0.40000000000000002, 
0.46700000000000003, 0.40100000000000002, 0.378, 1, 0.51500000000000001, 
0.34899999999999998, 0.39900000000000002, 0.33200000000000002, 
0.33600000000000002, 0.39900000000000002, 0.33800000000000002, 
0.186, 0.51500000000000001, 1, 0.23599999999999999, 0.28899999999999998, 
0.29899999999999999, 0.33000000000000002, 0.65800000000000003, 
0.50600000000000001, 0.38100000000000001, 0.34899999999999998, 
0.23599999999999999, 1, 0.79700000000000004, 0.52700000000000002, 
0.56200000000000006, 0.74199999999999999, 0.55400000000000005, 
0.45700000000000002, 0.39900000000000002, 0.28899999999999998, 
0.79700000000000004, 1, 0.56999999999999995, 0.60799999999999998, 
0.73199999999999998, 0.54200000000000004, 0.42799999999999999, 
0.33200000000000002, 0.29899999999999999, 0.52700000000000002, 
0.56999999999999995, 1, 0.78000000000000003, 0.752, 0.53800000000000003, 
0.40000000000000002, 0.33600000000000002, 0.33000000000000002, 
0.56200000000000006, 0.60799999999999998, 0.78000000000000003, 
1), .Dim = c(9L, 9L), .Dimnames = list(c("Int", "EA", "IA", "IN", 
"DN", "Aut", "Cap", "Beh", "PB"), c("Int", "EA", "IA", "IN", 
"DN", "Aut", "Cap", "Beh", "PB"))), `35` = structure(c(1, 0.48999999999999999, 
0.23999999999999999, 0.33000000000000002, 0.27000000000000002, 
NA, 0.32000000000000001, 0.02, 0.22, 0.48999999999999999, 1, 
0.34000000000000002, 0.22, 0.059999999999999998, 0.23999999999999999, 
NA, 0.029999999999999999, 0.16, 0.23999999999999999, 0.34000000000000002, 
1, 0.17000000000000001, -0.029999999999999999, 0.14000000000000001, 
NA, 0.080000000000000002, 0.13, 0.33000000000000002, 0.22, 0.17000000000000001, 
1, 0.23000000000000001, 0.080000000000000002, NA, -0.02, 0.12, 
0.27000000000000002, 0.059999999999999998, -0.029999999999999999, 
0.23000000000000001, 1, -0.080000000000000002, NA, 0.089999999999999997, 
0.070000000000000007, NA, 0.23999999999999999, 0.14000000000000001, 
0.080000000000000002, -0.080000000000000002, 1, NA, NA, -0.050000000000000003, 
0.32000000000000001, NA, NA, NA, NA, NA, 1, 0.080000000000000002, 
NA, 0.02, 0.029999999999999999, 0.080000000000000002, -0.02, 
0.089999999999999997, NA, 0.080000000000000002, 1, 0.01, 0.22, 
0.16, 0.13, 0.12, 0.070000000000000007, -0.050000000000000003, 
NA, 0.01, 1), .Dim = c(9L, 9L), .Dimnames = list(c("Int", "EA", 
"IA", "IN", "DN", "Aut", "Cap", "Beh", "PB"), c("Int", "EA", 
"IA", "IN", "DN", "Aut", "Cap", "Beh", "PB"))), `36` = structure(c(1, 
0.53000000000000003, 0.40000000000000002, 0.14999999999999999, 
0.28999999999999998, NA, 0.39000000000000001, 0.29999999999999999, 
0.20000000000000001, 0.53000000000000003, 1, 0.46999999999999997, 
0.25, 0.17000000000000001, 0.19, NA, 0.14999999999999999, 0.14000000000000001, 
0.40000000000000002, 0.46999999999999997, 1, 0.25, 0.20000000000000001, 
0.17999999999999999, NA, 0.14999999999999999, 0.20000000000000001, 
0.14999999999999999, 0.25, 0.25, 1, 0.13, 0.050000000000000003, 
NA, 0.11, 0.050000000000000003, 0.28999999999999998, 0.17000000000000001, 
0.20000000000000001, 0.13, 1, 0.20999999999999999, NA, 0.080000000000000002, 
0.12, NA, 0.19, 0.17999999999999999, 0.050000000000000003, 0.20999999999999999, 
1, NA, NA, 0.050000000000000003, 0.39000000000000001, NA, NA, 
NA, NA, NA, 1, 0.23000000000000001, NA, 0.29999999999999999, 
0.14999999999999999, 0.14999999999999999, 0.11, 0.080000000000000002, 
NA, 0.23000000000000001, 1, 0.089999999999999997, 0.20000000000000001, 
0.14000000000000001, 0.20000000000000001, 0.050000000000000003, 
0.12, 0.050000000000000003, NA, 0.089999999999999997, 1), .Dim = c(9L, 
9L), .Dimnames = list(c("Int", "EA", "IA", "IN", "DN", "Aut", 
"Cap", "Beh", "PB"), c("Int", "EA", "IA", "IN", "DN", "Aut", 
"Cap", "Beh", "PB"))), `37` = structure(c(1, NA, NA, 0.27000000000000002, 
0.30199999999999999, 0.16600000000000001, 0.44600000000000001, 
0.45100000000000001, 0.47699999999999998, NA, 1, NA, NA, NA, 
NA, NA, NA, NA, NA, NA, 1, NA, NA, NA, NA, NA, NA, 0.27000000000000002, 
NA, NA, 1, 0.252, 0.060999999999999999, 0.052999999999999999, 
-0.17000000000000001, 0.031, 0.30199999999999999, NA, NA, 0.252, 
1, 0.10000000000000001, 0.24099999999999999, 0.27500000000000002, 
0.39200000000000002, 0.16600000000000001, NA, NA, 0.060999999999999999, 
0.10000000000000001, 1, 0.24099999999999999, 0.114, 0.10100000000000001, 
0.44600000000000001, NA, NA, 0.052999999999999999, 0.24099999999999999, 
0.24099999999999999, 1, 0.32600000000000001, 0.33500000000000002, 
0.45100000000000001, NA, NA, -0.17000000000000001, 0.27500000000000002, 
0.114, 0.32600000000000001, 1, 0.746, 0.47699999999999998, NA, 
NA, 0.031, 0.39200000000000002, 0.10100000000000001, 0.33500000000000002, 
0.746, 1), .Dim = c(9L, 9L), .Dimnames = list(c("Int", "EA", 
"IA", "IN", "DN", "Aut", "Cap", "Beh", "PB"), c("Int", "EA", 
"IA", "IN", "DN", "Aut", "Cap", "Beh", "PB"))), `38` = structure(c(1, 
0.51000000000000001, 0.52000000000000002, 0.40000000000000002, 
0.29999999999999999, NA, 0.56000000000000005, 0.40999999999999998, 
NA, 0.51000000000000001, 1, 0.68000000000000005, 0.52000000000000002, 
0.34999999999999998, NA, 0.58999999999999997, 0.34000000000000002, 
