    -0.900     3.410     0.000     0.029     0.971     0.000     3.000
    -0.706     3.071     0.000     0.067     0.933     0.000     3.000
     0.708     4.264     0.000     0.120     0.880     0.000     3.000
     0.597     3.450     0.000     0.242     0.758     0.000     3.000
     0.844     3.753     0.000     0.255     0.745     0.000     3.000
     1.042     3.581     0.000     0.368     0.632     0.000     3.000
     1.368     4.428     0.000     0.299     0.701     0.000     3.000
     1.426     3.279     0.000     0.584     0.416     0.000     2.000
     1.233     2.591     0.000     0.617     0.381     0.001     2.000
     2.002     3.244     0.000     0.777     0.223     0.001     2.000
     1.963     3.015     0.000     0.780     0.218     0.002     2.000
     3.090     4.303     0.000     0.943     0.057     0.000     2.000
     2.600     3.514     0.000     0.892     0.107     0.001     2.000
     2.570     3.450     0.000     0.888     0.110     0.002     2.000
     2.570     3.390     0.000     0.889     0.109     0.002     2.000
     2.873     3.116     0.000     0.912     0.069     0.019     2.000
     2.790     2.975     0.000     0.898     0.077     0.026     2.000
     3.339     3.471     0.000     0.948     0.033     0.018     2.000
     4.813     3.162     0.000     0.146     0.001     0.854     4.000
     4.911     2.663     0.000     0.051     0.000     0.949     4.000
